1.161556156346806423e+00
1.843199953575846983e-02
-1.513554865328381460e-02
-2.074568563004621780e-01
1.018051368370866072e+01
-4.127176779103810311e+00
-3.389843603192689514e+00
-4.231421148201452986e-02
3.571608783787611596e+00
5.573692178335681868e-01
-1.400428551891769180e+00
2.252940615257534418e+00
-1.315352798339363360e+00
1.709493604595648808e+00
4.360897793145050549e+00
9.652224083063437599e-01
-2.939786431411874901e+00
-9.299904003795389507e-02
5.678390805465844959e-01
-1.730105360572753881e+00
